{
 "cells": [
  {
   "cell_type": "code",
   "execution_count": 1,
   "metadata": {},
   "outputs": [],
   "source": [
    "import torch, torchvision\n",
    "import torch.nn.functional as F\n",
    "from torch.optim import SGD,Adam,AdamW\n",
    "from torch.utils.data import DataLoader\n",
    "from torchcontrib.optim import SWA\n",
    "from torch import optim\n",
    "\n",
    "# import oil.model_trainers as trainers\n",
    "from oil.datasetup.datasets import CIFAR10, split_dataset\n",
    "from oil.utils.utils import Eval, LoaderTo, cosLr, dmap, FixedNumpySeed, FixedPytorchSeed\n",
    "\n",
    "from flow_ssl.data.nlp_datasets import AG_News,YAHOO\n",
    "\n",
    "from utils.utils import swaLR, calibration_curve, get_ensembles_accuracy\n",
    "from models import RealNVPTabularWPrior, SemiFlow\n",
    "from ensembles import Ensembles\n",
    "\n",
    "import numpy as np\n",
    "import os\n",
    "import pandas as pd\n",
    "import matplotlib.pyplot as plt\n",
    "from functools import partial\n",
    "import collections\n",
    "\n",
    "import warnings\n",
    "# warnings.filterwarnings(\"ignore\")"
   ]
  },
  {
   "cell_type": "code",
   "execution_count": 2,
   "metadata": {},
   "outputs": [],
   "source": [
    "def makeTrainer(train_data, test_data, bs=5000, split={'train':200,'val':5000},\n",
    "                network=RealNVPTabularWPrior, net_config={}, num_epochs=15,\n",
    "                optim=AdamW, lr=1e-3, opt_config={'weight_decay':1e-5},\n",
    "                swa=False, swa_config={'swa_dec_pct':.5, 'swa_start_pct':.75, 'swa_freq_pct':.05, 'swa_lr_factor':.1},\n",
    "                trainer=SemiFlow, trainer_config={'log_dir':os.path.expanduser('~/tb-experiments/UCI/'),'log_args':{'minPeriod':.1, 'timeFrac':3/10}},\n",
    "                dev='cuda', save=False):\n",
    "    with FixedNumpySeed(0):\n",
    "        datasets = split_dataset(train_data,splits=split)\n",
    "        datasets['_unlab'] = dmap(lambda mb: mb[0],train_data)\n",
    "        datasets['test'] = test_data\n",
    "        \n",
    "    device = torch.device(dev)\n",
    "    \n",
    "    dataloaders = {k : LoaderTo(DataLoader(v,\n",
    "                                         batch_size=min(bs,len(datasets[k])),\n",
    "                                         shuffle=(k=='train'),\n",
    "                                         num_workers=0,\n",
    "                                         pin_memory=False),\n",
    "                              device) \n",
    "                   for k, v in datasets.items()}\n",
    "    dataloaders['Train'] = dataloaders['train']\n",
    "    \n",
    "    model = network(num_classes=train_data.num_classes, dim_in=train_data.dim, **net_config).to(device)\n",
    "    \n",
    "    opt_constr = partial(optim, lr=lr, **opt_config)\n",
    "    \n",
    "    if swa == True:\n",
    "        lr_sched = partial(swaLR, num_epochs=num_epochs, **swa_config)\n",
    "    else:\n",
    "        lr_sched = cosLr(num_epochs)\n",
    "    #     lr_sched = lambda e:1\n",
    "    return trainer(model,dataloaders, swa, opt_constr,lr_sched, **trainer_config)"
   ]
  },
  {
   "cell_type": "code",
   "execution_count": null,
   "metadata": {},
   "outputs": [
    {
     "name": "stdout",
     "output_type": "stream",
     "text": [
      "Pairwise dists: [[ 0.         22.37063195 21.32779105 22.09798816]\n",
      " [22.37063195  0.         21.68392893 22.40476396]\n",
      " [21.32779105 21.68392893  0.         21.81512026]\n",
      " [22.09798816 22.40476396 21.81512026  0.        ]]\n",
      "swa_start is 1800, swa_freq is 24\n",
      "Pairwise dists: [[ 0.         21.99176832 22.93552428 22.7766881 ]\n",
      " [21.99176832  0.         20.69585742 21.66174514]\n",
      " [22.93552428 20.69585742  0.         22.31826991]\n",
      " [22.7766881  21.66174514 22.31826991  0.        ]]\n",
      "swa_start is 1800, swa_freq is 48\n",
      "Pairwise dists: [[ 0.         22.18249333 22.06492817 22.04586486]\n",
      " [22.18249333  0.         22.54650789 21.76763185]\n",
      " [22.06492817 22.54650789  0.         22.14156215]\n",
      " [22.04586486 21.76763185 22.14156215  0.        ]]\n",
      "swa_start is 1800, swa_freq is 96\n"
     ]
    },
    {
     "data": {
      "application/vnd.jupyter.widget-view+json": {
       "model_id": "a94cc29ce4a041d78280b61aa291bac4",
       "version_major": 2,
       "version_minor": 0
      },
      "text/plain": [
       "HBox(children=(HTML(value='train'), FloatProgress(value=0.0), HTML(value='')))"
      ]
     },
     "metadata": {},
     "output_type": "display_data"
    },
    {
     "name": "stdout",
     "output_type": "stream",
     "text": [
      "   Minibatch_Loss  Train_Acc  Unlab_loss(mb)    lr0  test_Acc  val_Acc  \\\n",
      "0      1720.52417      0.255      1065.08313  0.001  0.249342   0.2586   \n",
      "\n",
      "     val_bpd  \n",
      "0  10.001068  \n",
      "    Minibatch_Loss  Train_Acc  Unlab_loss(mb)    lr0  test_Acc  val_Acc  \\\n",
      "30      211.368179       0.27      145.094955  0.001  0.251053   0.2474   \n",
      "\n",
      "     val_bpd  \n",
      "30  8.274102  \n",
      "    Minibatch_Loss  Train_Acc  Unlab_loss(mb)    lr0  test_Acc  val_Acc  \\\n",
      "61     -883.619934      0.425     -598.960388  0.001  0.350658   0.3492   \n",
      "\n",
      "     val_bpd  \n",
      "61  6.865231  \n",
      "    Minibatch_Loss  Train_Acc  Unlab_loss(mb)    lr0  test_Acc  val_Acc  \\\n",
      "91    -1149.396118       0.61     -778.567383  0.001  0.507368   0.5024   \n",
      "\n",
      "     val_bpd  \n",
      "91  6.529707  \n",
      "     Minibatch_Loss  Train_Acc  Unlab_loss(mb)    lr0  test_Acc  val_Acc  \\\n",
      "121    -1306.688232       0.64     -874.875366  0.001  0.495921   0.4962   \n",
      "\n",
      "      val_bpd  \n",
      "121  6.356817  \n",
      "     Minibatch_Loss  Train_Acc  Unlab_loss(mb)    lr0  test_Acc  val_Acc  \\\n",
      "151    -1495.016968       0.86     -954.523865  0.001  0.671974    0.675   \n",
      "\n",
      "      val_bpd  \n",
      "151  6.204855  \n",
      "     Minibatch_Loss  Train_Acc  Unlab_loss(mb)    lr0  test_Acc  val_Acc  \\\n",
      "181    -1671.011108      0.925    -1049.308472  0.001  0.728553   0.7328   \n",
      "\n",
      "      val_bpd  \n",
      "181  6.016733  \n",
      "     Minibatch_Loss  Train_Acc  Unlab_loss(mb)    lr0  test_Acc  val_Acc  \\\n",
      "211    -1723.666748      0.935    -1063.083374  0.001  0.721053   0.7296   \n",
      "\n",
      "      val_bpd  \n",
      "211  5.996557  \n",
      "     Minibatch_Loss  Train_Acc  Unlab_loss(mb)    lr0  test_Acc  val_Acc  \\\n",
      "241    -1827.100098       0.98    -1109.268433  0.001  0.763158   0.7678   \n",
      "\n",
      "      val_bpd  \n",
      "241  5.918158  \n",
      "     Minibatch_Loss  Train_Acc  Unlab_loss(mb)    lr0  test_Acc  val_Acc  \\\n",
      "271    -1851.706421      0.985    -1121.557739  0.001  0.761184   0.7638   \n",
      "\n",
      "      val_bpd  \n",
      "271  5.893339  \n",
      "     Minibatch_Loss  Train_Acc  Unlab_loss(mb)    lr0  test_Acc  val_Acc  \\\n",
      "301    -1948.748535      0.995    -1158.401611  0.001  0.780526   0.7904   \n",
      "\n",
      "      val_bpd  \n",
      "301  5.811867  \n",
      "     Minibatch_Loss  Train_Acc  Unlab_loss(mb)    lr0  test_Acc  val_Acc  \\\n",
      "331     -2009.37439      0.995    -1173.658569  0.001  0.772895   0.7822   \n",
      "\n",
      "      val_bpd  \n",
      "331  5.790824  \n",
      "     Minibatch_Loss  Train_Acc  Unlab_loss(mb)    lr0  test_Acc  val_Acc  \\\n",
      "361    -2082.193359        1.0    -1212.483643  0.001  0.783947   0.7944   \n",
      "\n",
      "     val_bpd  \n",
      "361  5.72483  \n",
      "     Minibatch_Loss  Train_Acc  Unlab_loss(mb)    lr0  test_Acc  val_Acc  \\\n",
      "391    -2063.111816        1.0    -1178.898071  0.001  0.766447   0.7744   \n",
      "\n",
      "      val_bpd  \n",
      "391  5.785032  \n",
      "     Minibatch_Loss  Train_Acc  Unlab_loss(mb)    lr0  test_Acc  val_Acc  \\\n",
      "421    -2087.273193        1.0    -1186.268188  0.001  0.755132   0.7594   \n",
      "\n",
      "      val_bpd  \n",
      "421  5.759825  \n",
      "     Minibatch_Loss  Train_Acc  Unlab_loss(mb)    lr0  test_Acc  val_Acc  \\\n",
      "451    -2045.478882        1.0    -1197.521729  0.001  0.778421   0.7842   \n",
      "\n",
      "      val_bpd  \n",
      "451  5.744166  \n",
      "     Minibatch_Loss  Train_Acc  Unlab_loss(mb)    lr0  test_Acc  val_Acc  \\\n",
      "481    -2223.262695        1.0     -1252.80481  0.001  0.793816   0.8024   \n",
      "\n",
      "     val_bpd  \n",
      "481  5.64966  \n",
      "     Minibatch_Loss  Train_Acc  Unlab_loss(mb)    lr0  test_Acc  val_Acc  \\\n",
      "511    -2252.833984        1.0    -1264.498169  0.001  0.786447   0.7918   \n",
      "\n",
      "      val_bpd  \n",
      "511  5.624223  \n",
      "     Minibatch_Loss  Train_Acc  Unlab_loss(mb)    lr0  test_Acc  val_Acc  \\\n",
      "541    -2274.829102        1.0    -1245.136353  0.001  0.783816   0.7926   \n",
      "\n",
      "     val_bpd  \n",
      "541  5.64904  \n",
      "     Minibatch_Loss  Train_Acc  Unlab_loss(mb)    lr0  test_Acc  val_Acc  \\\n",
      "571    -2371.317627        1.0    -1297.953003  0.001  0.780132   0.7884   \n",
      "\n",
      "      val_bpd  \n",
      "571  5.555909  \n",
      "     Minibatch_Loss  Train_Acc  Unlab_loss(mb)    lr0  test_Acc  val_Acc  \\\n",
      "601    -2388.860352        1.0    -1289.507324  0.001  0.778026   0.7854   \n",
      "\n",
      "      val_bpd  \n",
      "601  5.581988  \n",
      "     Minibatch_Loss  Train_Acc  Unlab_loss(mb)    lr0  test_Acc  val_Acc  \\\n",
      "631    -2426.116699        1.0    -1301.354004  0.001  0.777763   0.7854   \n",
      "\n",
      "      val_bpd  \n",
      "631  5.554229  \n",
      "     Minibatch_Loss  Train_Acc  Unlab_loss(mb)    lr0  test_Acc  val_Acc  \\\n",
      "661    -2459.134277        1.0    -1308.665039  0.001  0.785921   0.7968   \n",
      "\n",
      "      val_bpd  \n",
      "661  5.530247  \n",
      "     Minibatch_Loss  Train_Acc  Unlab_loss(mb)    lr0  test_Acc  val_Acc  \\\n",
      "691    -2523.120117        1.0    -1339.108154  0.001  0.785789   0.7974   \n",
      "\n",
      "      val_bpd  \n",
      "691  5.479613  \n",
      "     Minibatch_Loss  Train_Acc  Unlab_loss(mb)    lr0  test_Acc  val_Acc  \\\n",
      "721    -2551.506836        1.0    -1341.042358  0.001  0.771711   0.7798   \n",
      "\n",
      "      val_bpd  \n",
      "721  5.483034  \n",
      "     Minibatch_Loss  Train_Acc  Unlab_loss(mb)    lr0  test_Acc  val_Acc  \\\n",
      "751    -2605.114258        1.0    -1360.536011  0.001  0.772105   0.7776   \n",
      "\n",
      "      val_bpd  \n",
      "751  5.441729  \n",
      "     Minibatch_Loss  Train_Acc  Unlab_loss(mb)    lr0  test_Acc  val_Acc  \\\n",
      "781    -2610.698486        1.0    -1351.660645  0.001  0.782105     0.79   \n",
      "\n",
      "      val_bpd  \n",
      "781  5.448193  \n",
      "     Minibatch_Loss  Train_Acc  Unlab_loss(mb)    lr0  test_Acc  val_Acc  \\\n",
      "811    -2643.628418        1.0    -1362.294556  0.001  0.773289   0.7804   \n",
      "\n",
      "     val_bpd  \n",
      "811   5.4349  \n",
      "     Minibatch_Loss  Train_Acc  Unlab_loss(mb)    lr0  test_Acc  val_Acc  \\\n",
      "841    -2665.065186        1.0    -1371.909912  0.001  0.766974   0.7728   \n",
      "\n",
      "      val_bpd  \n",
      "841  5.425972  \n",
      "     Minibatch_Loss  Train_Acc  Unlab_loss(mb)    lr0  test_Acc  val_Acc  \\\n",
      "871     -2700.11084        1.0    -1382.368164  0.001  0.767763   0.7748   \n",
      "\n",
      "      val_bpd  \n",
      "871  5.400536  \n"
     ]
    }
   ],
   "source": [
    "dataset = AG_News\n",
    "# data = YAHOO\n",
    "train_data, test_data = dataset(), dataset(train=False) \n",
    "\n",
    "num_models = 3\n",
    "num_epochs = 100\n",
    "\n",
    "lr=.001\n",
    "freqs=[.01,.02,.04]\n",
    "factors=[.25,.3,.35]\n",
    "\n",
    "trainers=[\n",
    "    makeTrainer(\n",
    "        train_data=train_data,\n",
    "        test_data=test_data,\n",
    "        split={'train':200,'val':5000},\n",
    "        network=RealNVPTabularWPrior,\n",
    "        net_config={'k':1024,'coupling_layers':7,'nperlayer':1},\n",
    "        num_epochs=num_epochs,\n",
    "        optim=AdamW,\n",
    "        lr=lr,\n",
    "        swa=True,\n",
    "        swa_config={'swa_dec_pct':.5, 'swa_start_pct':.75, 'swa_freq_pct':freqs[i], 'swa_lr_factor':factors[i]},\n",
    "        trainer=SemiFlow,\n",
    "        trainer_config={\n",
    "            'unlab_weight':.6, \n",
    "#             'log_dir':os.path.expanduser('/scratch/pvn2005/flowgmm/base_checkpoints/model-{}'.format(index)), \n",
    "            'log_args':{'minPeriod':.1, 'timeFrac':3/10}\n",
    "        },\n",
    "        dev='cuda'\n",
    "    ) for i in range(num_models)\n",
    "]\n",
    "\n",
    "with warnings.catch_warnings():\n",
    "    warnings.simplefilter(\"ignore\")\n",
    "    \n",
    "    for trainer in trainers:\n",
    "        trainer.train(num_epochs)\n",
    "\n",
    "        logits, probs, preds, targets, acc = trainer.getTestOutputs()\n",
    "        print(\"Test accuracy is {}\".format(acc))\n",
    "        trainer.optimizer.swap_swa_sgd()\n",
    "\n",
    "        logits, probs, preds, targets, acc = trainer.getTestOutputs()\n",
    "        print(\"Test accuracy after updating SWA is {}\".format(acc))"
   ]
  },
  {
   "cell_type": "code",
   "execution_count": 3,
   "metadata": {},
   "outputs": [
    {
     "name": "stdout",
     "output_type": "stream",
     "text": [
      "Pairwise dists: [[ 0.         21.80606524 21.62212388 21.14616593 22.03655621 21.55270868\n",
      "  21.61303446 21.94373415 21.9717903  21.85844538]\n",
      " [21.80606524  0.         21.70478914 21.34690282 21.53138724 21.45609682\n",
      "  21.90156466 22.05191063 21.2320474  21.86109757]\n",
      " [21.62212388 21.70478914  0.         21.1905632  21.77828113 21.85794431\n",
      "  22.05607426 20.55645086 22.2086312  22.09427798]\n",
      " [21.14616593 21.34690282 21.1905632   0.         22.31106583 22.16974093\n",
      "  21.96628441 21.25595619 21.38608173 21.77833839]\n",
      " [22.03655621 21.53138724 21.77828113 22.31106583  0.         21.96277663\n",
      "  21.55510059 21.20992794 22.14269102 21.61885141]\n",
      " [21.55270868 21.45609682 21.85794431 22.16974093 21.96277663  0.\n",
      "  22.42453815 21.97270842 22.71880975 22.10029341]\n",
      " [21.61303446 21.90156466 22.05607426 21.96628441 21.55510059 22.42453815\n",
      "   0.         22.46159901 22.91863619 21.55477151]\n",
      " [21.94373415 22.05191063 20.55645086 21.25595619 21.20992794 21.97270842\n",
      "  22.46159901  0.         22.90517202 22.42010036]\n",
      " [21.9717903  21.2320474  22.2086312  21.38608173 22.14269102 22.71880975\n",
      "  22.91863619 22.90517202  0.         22.49348011]\n",
      " [21.85844538 21.86109757 22.09427798 21.77833839 21.61885141 22.10029341\n",
      "  21.55477151 22.42010036 22.49348011  0.        ]]\n",
      "swa_start is 1500, swa_freq is 10\n",
      "Pairwise dists: [[ 0.         22.81814626 22.62361667 23.06253483 21.56479152 22.40906636\n",
      "  22.37321536 21.83453788 22.83090485 21.81673358]\n",
      " [22.81814626  0.         22.71779933 22.34123452 21.66071458 22.375629\n",
      "  21.90198545 22.53378429 21.83129413 21.25480032]\n",
      " [22.62361667 22.71779933  0.         22.16282425 21.6324095  22.20073673\n",
      "  21.95473828 22.54977376 21.88845792 22.02639292]\n",
      " [23.06253483 22.34123452 22.16282425  0.         22.31259751 21.97421765\n",
      "  22.37008749 21.54245905 22.07362099 21.90240425]\n",
      " [21.56479152 21.66071458 21.6324095  22.31259751  0.         21.61211416\n",
      "  21.87235019 21.93431624 21.49285196 21.22386244]\n",
      " [22.40906636 22.375629   22.20073673 21.97421765 21.61211416  0.\n",
      "  22.0214228  22.09455172 22.26952766 21.89993303]\n",
      " [22.37321536 21.90198545 21.95473828 22.37008749 21.87235019 22.0214228\n",
      "   0.         21.83620663 22.1160205  21.22215728]\n",
      " [21.83453788 22.53378429 22.54977376 21.54245905 21.93431624 22.09455172\n",
      "  21.83620663  0.         21.45951415 21.48319213]\n",
      " [22.83090485 21.83129413 21.88845792 22.07362099 21.49285196 22.26952766\n",
      "  22.1160205  21.45951415  0.         21.5414845 ]\n",
      " [21.81673358 21.25480032 22.02639292 21.90240425 21.22386244 21.89993303\n",
      "  21.22215728 21.48319213 21.5414845   0.        ]]\n",
      "swa_start is 1500, swa_freq is 20\n",
      "Pairwise dists: [[ 0.         22.55452077 22.46734495 23.28197316 22.87966347 22.94740525\n",
      "  21.75212625 22.29107512 22.50391877 22.62457576]\n",
      " [22.55452077  0.         22.40216587 21.85031904 21.79376013 21.55503901\n",
      "  21.1313406  22.13946054 20.85649764 21.60988056]\n",
      " [22.46734495 22.40216587  0.         21.11754462 21.66784587 22.36167839\n",
      "  22.54789703 21.69914124 21.24146052 22.59961376]\n",
      " [23.28197316 21.85031904 21.11754462  0.         22.24897184 21.72570476\n",
      "  21.73340407 20.83878846 22.21163348 21.90238498]\n",
      " [22.87966347 21.79376013 21.66784587 22.24897184  0.         22.10785165\n",
      "  21.8304801  22.39742178 21.44787611 21.94945464]\n",
      " [22.94740525 21.55503901 22.36167839 21.72570476 22.10785165  0.\n",
      "  21.3186276  21.8046717  20.90958074 21.66706414]\n",
      " [21.75212625 21.1313406  22.54789703 21.73340407 21.8304801  21.3186276\n",
      "   0.         20.81406029 21.07781825 21.36389477]\n",
      " [22.29107512 22.13946054 21.69914124 20.83878846 22.39742178 21.8046717\n",
      "  20.81406029  0.         21.55572278 21.85315324]\n",
      " [22.50391877 20.85649764 21.24146052 22.21163348 21.44787611 20.90958074\n",
      "  21.07781825 21.55572278  0.         21.64953965]\n",
      " [22.62457576 21.60988056 22.59961376 21.90238498 21.94945464 21.66706414\n",
      "  21.36389477 21.85315324 21.64953965  0.        ]]\n",
      "swa_start is 1500, swa_freq is 40\n"
     ]
    },
    {
     "data": {
      "application/vnd.jupyter.widget-view+json": {
       "model_id": "b27902d8c642492cb7e6cc214d445464",
       "version_major": 2,
       "version_minor": 0
      },
      "text/plain": [
       "HBox(children=(HTML(value='train'), FloatProgress(value=0.0, max=200.0), HTML(value='')))"
      ]
     },
     "metadata": {},
     "output_type": "display_data"
    },
    {
     "name": "stdout",
     "output_type": "stream",
     "text": [
      "   Minibatch_Loss  Train_Acc  Unlab_loss(mb)    lr0  test_Acc  val_Acc  \\\n",
      "0     1297.771606    0.10125     1075.514893  0.001     0.091    0.093   \n",
      "\n",
      "     val_bpd  \n",
      "0  10.019965  \n",
      "    Minibatch_Loss  Train_Acc  Unlab_loss(mb)    lr0  test_Acc  val_Acc  \\\n",
      "19      568.882996     0.0825      475.436096  0.001    0.0835   0.0844   \n",
      "\n",
      "     val_bpd  \n",
      "19  8.893965  \n",
      "    Minibatch_Loss  Train_Acc  Unlab_loss(mb)    lr0  test_Acc  val_Acc  \\\n",
      "38     -415.865417      0.145        -402.819  0.001    0.1339   0.1338   \n",
      "\n",
      "     val_bpd  \n",
      "38  7.244365  \n",
      "    Minibatch_Loss  Train_Acc  Unlab_loss(mb)    lr0  test_Acc  val_Acc  \\\n",
      "57     -699.626404    0.16125     -642.783875  0.001    0.1302   0.1312   \n",
      "\n",
      "    val_bpd  \n",
      "57  6.79373  \n",
      "    Minibatch_Loss  Train_Acc  Unlab_loss(mb)    lr0  test_Acc  val_Acc  \\\n",
      "76     -747.128357    0.18625     -736.203857  0.001    0.1677   0.1708   \n",
      "\n",
      "     val_bpd  \n",
      "76  6.621397  \n",
      "    Minibatch_Loss  Train_Acc  Unlab_loss(mb)    lr0  test_Acc  val_Acc  \\\n",
      "95     -934.652893     0.2625      -824.44812  0.001    0.2116    0.214   \n",
      "\n",
      "     val_bpd  \n",
      "95  6.450053  \n",
      "     Minibatch_Loss  Train_Acc  Unlab_loss(mb)    lr0  test_Acc  val_Acc  \\\n",
      "114     -920.459473    0.28625     -800.755981  0.001    0.2438    0.245   \n",
      "\n",
      "      val_bpd  \n",
      "114  6.499431  \n",
      "     Minibatch_Loss  Train_Acc  Unlab_loss(mb)    lr0  test_Acc  val_Acc  \\\n",
      "133      -1072.2146       0.39     -939.616455  0.001    0.3168    0.316   \n",
      "\n",
      "     val_bpd  \n",
      "133  6.23442  \n",
      "     Minibatch_Loss  Train_Acc  Unlab_loss(mb)    lr0  test_Acc  val_Acc  \\\n",
      "152    -1111.128418     0.4225     -983.606384  0.001    0.3352   0.3346   \n",
      "\n",
      "      val_bpd  \n",
      "152  6.162721  \n",
      "     Minibatch_Loss  Train_Acc  Unlab_loss(mb)    lr0  test_Acc  val_Acc  \\\n",
      "171    -1158.193237    0.48375    -1017.568176  0.001     0.373   0.3786   \n",
      "\n",
      "      val_bpd  \n",
      "171  6.093238  \n",
      "     Minibatch_Loss  Train_Acc  Unlab_loss(mb)    lr0  test_Acc  val_Acc  \\\n",
      "190    -1219.312012     0.5475     -1068.06665  0.001    0.4075   0.4048   \n",
      "\n",
      "      val_bpd  \n",
      "190  5.995215  \n",
      "     Minibatch_Loss  Train_Acc  Unlab_loss(mb)    lr0  test_Acc  val_Acc  \\\n",
      "209    -1276.031616       0.59    -1094.899414  0.001    0.4383   0.4468   \n",
      "\n",
      "      val_bpd  \n",
      "209  5.946173  \n",
      "     Minibatch_Loss  Train_Acc  Unlab_loss(mb)    lr0  test_Acc  val_Acc  \\\n",
      "228    -1332.072632    0.64125    -1137.348145  0.001    0.4711   0.4664   \n",
      "\n",
      "      val_bpd  \n",
      "228  5.864904  \n",
      "     Minibatch_Loss  Train_Acc  Unlab_loss(mb)    lr0  test_Acc  val_Acc  \\\n",
      "247     -1361.69043    0.67125    -1160.435425  0.001    0.4895    0.489   \n",
      "\n",
      "      val_bpd  \n",
      "247  5.821005  \n",
      "     Minibatch_Loss  Train_Acc  Unlab_loss(mb)    lr0  test_Acc  val_Acc  \\\n",
      "266    -1393.942017     0.7125    -1181.547119  0.001    0.4997   0.5094   \n",
      "\n",
      "      val_bpd  \n",
      "266  5.788633  \n",
      "     Minibatch_Loss  Train_Acc  Unlab_loss(mb)    lr0  test_Acc  val_Acc  \\\n",
      "285    -1444.064087     0.7725    -1222.395142  0.001    0.5232   0.5274   \n",
      "\n",
      "      val_bpd  \n",
      "285  5.703329  \n",
      "     Minibatch_Loss  Train_Acc  Unlab_loss(mb)    lr0  test_Acc  val_Acc  \\\n",
      "304    -1463.554688    0.76125     -1224.27771  0.001    0.5182   0.5218   \n",
      "\n",
      "      val_bpd  \n",
      "304  5.702626  \n",
      "     Minibatch_Loss  Train_Acc  Unlab_loss(mb)    lr0  test_Acc  val_Acc  \\\n",
      "323    -1447.104736       0.79    -1215.204102  0.001    0.5172   0.5244   \n",
      "\n",
      "      val_bpd  \n",
      "323  5.717715  \n",
      "     Minibatch_Loss  Train_Acc  Unlab_loss(mb)    lr0  test_Acc  val_Acc  \\\n",
      "342    -1490.768921    0.82375    -1256.576416  0.001     0.524   0.5238   \n",
      "\n",
      "      val_bpd  \n",
      "342  5.652569  \n",
      "     Minibatch_Loss  Train_Acc  Unlab_loss(mb)    lr0  test_Acc  val_Acc  \\\n",
      "362    -1459.810669     0.8175     -1209.10144  0.001    0.5243   0.5204   \n",
      "\n",
      "      val_bpd  \n",
      "362  5.739887  \n",
      "     Minibatch_Loss  Train_Acc  Unlab_loss(mb)    lr0  test_Acc  val_Acc  \\\n",
      "382    -1318.746948      0.825    -1122.682739  0.001    0.5164    0.521   \n",
      "\n",
      "      val_bpd  \n",
      "382  5.905309  \n",
      "     Minibatch_Loss  Train_Acc  Unlab_loss(mb)    lr0  test_Acc  val_Acc  \\\n",
      "401    -1479.081055     0.8825    -1246.072998  0.001    0.5318   0.5404   \n",
      "\n",
      "      val_bpd  \n",
      "401  5.665782  \n",
      "     Minibatch_Loss  Train_Acc  Unlab_loss(mb)    lr0  test_Acc  val_Acc  \\\n",
      "421      -1575.2229      0.925    -1291.017578  0.001      0.55   0.5498   \n",
      "\n",
      "      val_bpd  \n",
      "421  5.581116  \n",
      "     Minibatch_Loss  Train_Acc  Unlab_loss(mb)    lr0  test_Acc  val_Acc  \\\n",
      "441    -1583.448853    0.92125     -1304.30542  0.001    0.5335    0.535   \n",
      "\n",
      "      val_bpd  \n",
      "441  5.556571  \n",
      "     Minibatch_Loss  Train_Acc  Unlab_loss(mb)    lr0  test_Acc  val_Acc  \\\n",
      "461    -1640.120728     0.9475    -1335.809204  0.001    0.5568    0.555   \n",
      "\n",
      "      val_bpd  \n",
      "461  5.497453  \n",
      "     Minibatch_Loss  Train_Acc  Unlab_loss(mb)    lr0  test_Acc  val_Acc  \\\n",
      "480    -1646.671509      0.965    -1325.495605  0.001    0.5528   0.5524   \n",
      "\n",
      "      val_bpd  \n",
      "480  5.513815  \n",
      "     Minibatch_Loss  Train_Acc  Unlab_loss(mb)    lr0  test_Acc  val_Acc  \\\n",
      "499    -1661.795898      0.965    -1341.917236  0.001    0.5522   0.5526   \n",
      "\n",
      "      val_bpd  \n",
      "499  5.484167  \n",
      "     Minibatch_Loss  Train_Acc  Unlab_loss(mb)    lr0  test_Acc  val_Acc  \\\n",
      "518    -1697.135742      0.985     -1358.56604  0.001     0.564   0.5616   \n",
      "\n",
      "      val_bpd  \n",
      "518  5.452205  \n",
      "     Minibatch_Loss  Train_Acc  Unlab_loss(mb)    lr0  test_Acc  val_Acc  \\\n",
      "537    -1700.154297    0.98125    -1359.604248  0.001    0.5453   0.5422   \n",
      "\n",
      "      val_bpd  \n",
      "537  5.448513  \n",
      "     Minibatch_Loss  Train_Acc  Unlab_loss(mb)    lr0  test_Acc  val_Acc  \\\n",
      "556    -1712.925537    0.99125    -1362.446167  0.001    0.5642   0.5604   \n",
      "\n",
      "      val_bpd  \n",
      "556  5.452083  \n",
      "     Minibatch_Loss  Train_Acc  Unlab_loss(mb)    lr0  test_Acc  val_Acc  \\\n",
      "575    -1734.625488      0.995    -1363.629517  0.001     0.553   0.5578   \n",
      "\n",
      "     val_bpd  \n",
      "575  5.44055  \n",
      "     Minibatch_Loss  Train_Acc  Unlab_loss(mb)    lr0  test_Acc  val_Acc  \\\n",
      "594    -1748.490845       0.99    -1377.803711  0.001    0.5594   0.5602   \n",
      "\n",
      "      val_bpd  \n",
      "594  5.417613  \n",
      "     Minibatch_Loss  Train_Acc  Unlab_loss(mb)    lr0  test_Acc  val_Acc  \\\n",
      "613    -1770.507568    0.99875    -1392.880371  0.001    0.5601    0.562   \n",
      "\n",
      "      val_bpd  \n",
      "613  5.386041  \n",
      "     Minibatch_Loss  Train_Acc  Unlab_loss(mb)    lr0  test_Acc  val_Acc  \\\n",
      "632    -1774.923096      0.995    -1401.711426  0.001      0.55     0.55   \n",
      "\n",
      "      val_bpd  \n",
      "632  5.382576  \n",
      "     Minibatch_Loss  Train_Acc  Unlab_loss(mb)    lr0  test_Acc  val_Acc  \\\n",
      "651    -1788.453125    0.99875    -1388.870239  0.001    0.5601   0.5526   \n",
      "\n",
      "     val_bpd  \n",
      "651  5.40074  \n",
      "     Minibatch_Loss  Train_Acc  Unlab_loss(mb)    lr0  test_Acc  val_Acc  \\\n",
      "670    -1779.001465        1.0    -1381.379639  0.001    0.5637   0.5624   \n",
      "\n",
      "      val_bpd  \n",
      "670  5.410545  \n",
      "     Minibatch_Loss  Train_Acc  Unlab_loss(mb)    lr0  test_Acc  val_Acc  \\\n",
      "689    -1762.824951        1.0    -1359.436768  0.001    0.5625   0.5618   \n",
      "\n",
      "      val_bpd  \n",
      "689  5.455863  \n",
      "     Minibatch_Loss  Train_Acc  Unlab_loss(mb)    lr0  test_Acc  val_Acc  \\\n",
      "708    -1792.263062    0.99875    -1391.126343  0.001    0.5516    0.553   \n",
      "\n",
      "      val_bpd  \n",
      "708  5.393827  \n",
      "     Minibatch_Loss  Train_Acc  Unlab_loss(mb)    lr0  test_Acc  val_Acc  \\\n",
      "727    -1848.430786        1.0    -1418.954712  0.001     0.571   0.5672   \n",
      "\n",
      "      val_bpd  \n",
      "727  5.338044  \n",
      "     Minibatch_Loss  Train_Acc  Unlab_loss(mb)    lr0  test_Acc  val_Acc  \\\n",
      "746    -1870.977051        1.0    -1446.085205  0.001      0.57   0.5664   \n",
      "\n",
      "      val_bpd  \n",
      "746  5.298214  \n",
      "     Minibatch_Loss  Train_Acc  Unlab_loss(mb)    lr0  test_Acc  val_Acc  \\\n",
      "765    -1887.451416        1.0    -1439.738159  0.001    0.5677   0.5664   \n",
      "\n",
      "      val_bpd  \n",
      "765  5.299785  \n",
      "     Minibatch_Loss  Train_Acc  Unlab_loss(mb)    lr0  test_Acc  val_Acc  \\\n",
      "784    -1898.398926        1.0    -1438.046021  0.001    0.5675   0.5642   \n",
      "\n",
      "      val_bpd  \n",
      "784  5.307498  \n",
      "     Minibatch_Loss  Train_Acc  Unlab_loss(mb)    lr0  test_Acc  val_Acc  \\\n",
      "803    -1930.646729        1.0    -1450.154907  0.001    0.5571    0.559   \n",
      "\n",
      "      val_bpd  \n",
      "803  5.281089  \n",
      "     Minibatch_Loss  Train_Acc  Unlab_loss(mb)    lr0  test_Acc  val_Acc  \\\n",
      "822    -1930.163574        1.0    -1454.257568  0.001    0.5641   0.5676   \n",
      "\n",
      "      val_bpd  \n",
      "822  5.289213  \n",
      "     Minibatch_Loss  Train_Acc  Unlab_loss(mb)    lr0  test_Acc  val_Acc  \\\n",
      "841    -1948.868896        1.0    -1455.189819  0.001    0.5675   0.5658   \n",
      "\n",
      "      val_bpd  \n",
      "841  5.278443  \n"
     ]
    },
    {
     "name": "stdout",
     "output_type": "stream",
     "text": [
      "     Minibatch_Loss  Train_Acc  Unlab_loss(mb)    lr0  test_Acc  val_Acc  \\\n",
      "860    -1981.646362        1.0    -1475.128174  0.001    0.5614   0.5628   \n",
      "\n",
      "      val_bpd  \n",
      "860  5.238142  \n",
      "     Minibatch_Loss  Train_Acc  Unlab_loss(mb)    lr0  test_Acc  val_Acc  \\\n",
      "880    -1987.736816        1.0    -1461.678467  0.001    0.5706   0.5784   \n",
      "\n",
      "      val_bpd  \n",
      "880  5.263571  \n",
      "     Minibatch_Loss  Train_Acc  Unlab_loss(mb)    lr0  test_Acc  val_Acc  \\\n",
      "900    -1994.868164        1.0    -1474.666016  0.001    0.5639   0.5672   \n",
      "\n",
      "     val_bpd  \n",
      "900  5.24001  \n",
      "     Minibatch_Loss  Train_Acc  Unlab_loss(mb)    lr0  test_Acc  val_Acc  \\\n",
      "920    -2016.607544        1.0     -1470.94751  0.001    0.5623   0.5632   \n",
      "\n",
      "      val_bpd  \n",
      "920  5.245857  \n",
      "     Minibatch_Loss  Train_Acc  Unlab_loss(mb)    lr0  test_Acc  val_Acc  \\\n",
      "940    -2032.398926        1.0     -1482.34082  0.001    0.5693    0.574   \n",
      "\n",
      "      val_bpd  \n",
      "940  5.225501  \n",
      "     Minibatch_Loss  Train_Acc  Unlab_loss(mb)    lr0  test_Acc  val_Acc  \\\n",
      "959    -2014.313354        1.0    -1463.358398  0.001    0.5616    0.563   \n",
      "\n",
      "      val_bpd  \n",
      "959  5.266116  \n",
      "     Minibatch_Loss  Train_Acc  Unlab_loss(mb)    lr0  test_Acc  val_Acc  \\\n",
      "978    -2047.494019        1.0    -1472.119507  0.001    0.5729   0.5714   \n",
      "\n",
      "      val_bpd  \n",
      "978  5.248681  \n",
      "     Minibatch_Loss  Train_Acc  Unlab_loss(mb)    lr0  test_Acc  val_Acc  \\\n",
      "998    -1941.872803        1.0    -1401.539917  0.001    0.5541   0.5544   \n",
      "\n",
      "      val_bpd  \n",
      "998  5.380235  \n",
      "      Minibatch_Loss  Train_Acc  Unlab_loss(mb)       lr0  test_Acc  val_Acc  \\\n",
      "1017    -1956.349121        1.0     -1424.65271  0.000976    0.5555   0.5618   \n",
      "\n",
      "       val_bpd  \n",
      "1017  5.333215  \n",
      "      Minibatch_Loss  Train_Acc  Unlab_loss(mb)       lr0  test_Acc  val_Acc  \\\n",
      "1036      -2028.2052        1.0    -1471.553223  0.000948    0.5561   0.5634   \n",
      "\n",
      "       val_bpd  \n",
      "1036  5.255228  \n",
      "      Minibatch_Loss  Train_Acc  Unlab_loss(mb)       lr0  test_Acc  val_Acc  \\\n",
      "1056    -2093.530273        1.0    -1498.505737  0.000918    0.5684   0.5644   \n",
      "\n",
      "       val_bpd  \n",
      "1056  5.206327  \n",
      "      Minibatch_Loss  Train_Acc  Unlab_loss(mb)       lr0  test_Acc  val_Acc  \\\n",
      "1075    -2115.793213        1.0    -1501.441406  0.000889    0.5638   0.5652   \n",
      "\n",
      "       val_bpd  \n",
      "1075  5.191526  \n",
      "      Minibatch_Loss  Train_Acc  Unlab_loss(mb)       lr0  test_Acc  val_Acc  \\\n",
      "1094    -2142.529053        1.0    -1512.364624  0.000861    0.5667    0.571   \n",
      "\n",
      "       val_bpd  \n",
      "1094  5.171788  \n",
      "      Minibatch_Loss  Train_Acc  Unlab_loss(mb)       lr0  test_Acc  val_Acc  \\\n",
      "1113    -2152.153809        1.0    -1507.892456  0.000832    0.5671   0.5674   \n",
      "\n",
      "       val_bpd  \n",
      "1113  5.179964  \n",
      "      Minibatch_Loss  Train_Acc  Unlab_loss(mb)       lr0  test_Acc  val_Acc  \\\n",
      "1132    -2166.345459        1.0    -1515.448608  0.000803    0.5737    0.573   \n",
      "\n",
      "       val_bpd  \n",
      "1132  5.182819  \n",
      "      Minibatch_Loss  Train_Acc  Unlab_loss(mb)       lr0  test_Acc  val_Acc  \\\n",
      "1151    -2174.804932        1.0    -1504.662354  0.000775    0.5687    0.569   \n",
      "\n",
      "       val_bpd  \n",
      "1151  5.194646  \n",
      "      Minibatch_Loss  Train_Acc  Unlab_loss(mb)       lr0  test_Acc  val_Acc  \\\n",
      "1170    -2178.882324        1.0    -1484.273438  0.000746     0.566    0.571   \n",
      "\n",
      "       val_bpd  \n",
      "1170  5.226895  \n",
      "      Minibatch_Loss  Train_Acc  Unlab_loss(mb)       lr0  test_Acc  val_Acc  \\\n",
      "1189    -2219.157227        1.0    -1530.922485  0.000718    0.5714   0.5714   \n",
      "\n",
      "       val_bpd  \n",
      "1189  5.144459  \n",
      "      Minibatch_Loss  Train_Acc  Unlab_loss(mb)       lr0  test_Acc  val_Acc  \\\n",
      "1208    -2222.148926        1.0    -1533.362549  0.000689    0.5677     0.57   \n",
      "\n",
      "       val_bpd  \n",
      "1208  5.136932  \n",
      "      Minibatch_Loss  Train_Acc  Unlab_loss(mb)       lr0  test_Acc  val_Acc  \\\n",
      "1227    -2237.744385        1.0    -1534.048584  0.000661    0.5665   0.5678   \n",
      "\n",
      "       val_bpd  \n",
      "1227  5.132388  \n",
      "      Minibatch_Loss  Train_Acc  Unlab_loss(mb)       lr0  test_Acc  val_Acc  \\\n",
      "1246    -2238.740723        1.0    -1544.598145  0.000632    0.5575   0.5632   \n",
      "\n",
      "      val_bpd  \n",
      "1246  5.12119  \n",
      "      Minibatch_Loss  Train_Acc  Unlab_loss(mb)       lr0  test_Acc  val_Acc  \\\n",
      "1265    -2266.703369        1.0    -1537.067627  0.000604    0.5634   0.5644   \n",
      "\n",
      "       val_bpd  \n",
      "1265  5.129499  \n",
      "      Minibatch_Loss  Train_Acc  Unlab_loss(mb)       lr0  test_Acc  val_Acc  \\\n",
      "1284    -2277.428955        1.0    -1537.717163  0.000575     0.566   0.5682   \n",
      "\n",
      "       val_bpd  \n",
      "1284  5.125368  \n",
      "      Minibatch_Loss  Train_Acc  Unlab_loss(mb)       lr0  test_Acc  val_Acc  \\\n",
      "1303    -2287.976318        1.0    -1541.302856  0.000547    0.5681   0.5674   \n",
      "\n",
      "       val_bpd  \n",
      "1303  5.121228  \n",
      "      Minibatch_Loss  Train_Acc  Unlab_loss(mb)       lr0  test_Acc  val_Acc  \\\n",
      "1322    -2296.715576        1.0    -1561.612061  0.000519    0.5642   0.5624   \n",
      "\n",
      "       val_bpd  \n",
      "1322  5.099207  \n",
      "      Minibatch_Loss  Train_Acc  Unlab_loss(mb)      lr0  test_Acc  val_Acc  \\\n",
      "1341    -2312.537109        1.0    -1548.653809  0.00049    0.5643   0.5662   \n",
      "\n",
      "      val_bpd  \n",
      "1341  5.11468  \n",
      "      Minibatch_Loss  Train_Acc  Unlab_loss(mb)       lr0  test_Acc  val_Acc  \\\n",
      "1360    -2325.970459        1.0    -1549.011963  0.000462    0.5658    0.567   \n",
      "\n",
      "       val_bpd  \n",
      "1360  5.108343  \n",
      "      Minibatch_Loss  Train_Acc  Unlab_loss(mb)       lr0  test_Acc  val_Acc  \\\n",
      "1379    -2338.369873        1.0    -1561.410278  0.000433    0.5637   0.5624   \n",
      "\n",
      "       val_bpd  \n",
      "1379  5.090481  \n",
      "      Minibatch_Loss  Train_Acc  Unlab_loss(mb)       lr0  test_Acc  val_Acc  \\\n",
      "1398    -2343.493896        1.0    -1561.824219  0.000405    0.5621   0.5632   \n",
      "\n",
      "       val_bpd  \n",
      "1398  5.086961  \n",
      "      Minibatch_Loss  Train_Acc  Unlab_loss(mb)       lr0  test_Acc  val_Acc  \\\n",
      "1417    -2357.250977        1.0    -1560.755737  0.000376    0.5627   0.5604   \n",
      "\n",
      "       val_bpd  \n",
      "1417  5.084751  \n",
      "      Minibatch_Loss  Train_Acc  Unlab_loss(mb)       lr0  test_Acc  val_Acc  \\\n",
      "1437    -2363.834961        1.0    -1568.467163  0.000346    0.5595   0.5606   \n",
      "\n",
      "       val_bpd  \n",
      "1437  5.070456  \n",
      "      Minibatch_Loss  Train_Acc  Unlab_loss(mb)       lr0  test_Acc  val_Acc  \\\n",
      "1456    -2375.378418        1.0    -1576.007324  0.000317    0.5591   0.5666   \n",
      "\n",
      "       val_bpd  \n",
      "1456  5.066193  \n",
      "      Minibatch_Loss  Train_Acc  Unlab_loss(mb)       lr0  test_Acc  val_Acc  \\\n",
      "1475     -2382.42334        1.0    -1563.772705  0.000289    0.5591   0.5616   \n",
      "\n",
      "      val_bpd  \n",
      "1475  5.08254  \n",
      "      Minibatch_Loss  Train_Acc  Unlab_loss(mb)       lr0  test_Acc  val_Acc  \\\n",
      "1495    -2391.700928        1.0    -1571.796997  0.000259    0.5626   0.5614   \n",
      "\n",
      "       val_bpd  \n",
      "1495  5.067417  \n",
      "      Minibatch_Loss  Train_Acc  Unlab_loss(mb)      lr0  test_Acc  val_Acc  \\\n",
      "1515     -2400.09668        1.0    -1571.661133  0.00025    0.5576   0.5596   \n",
      "\n",
      "      val_bpd  \n",
      "1515  5.06767  \n",
      "      Minibatch_Loss  Train_Acc  Unlab_loss(mb)      lr0  test_Acc  val_Acc  \\\n",
      "1535    -2403.969482        1.0    -1573.550903  0.00025     0.553   0.5574   \n",
      "\n",
      "       val_bpd  \n",
      "1535  5.064392  \n",
      "      Minibatch_Loss  Train_Acc  Unlab_loss(mb)      lr0  test_Acc  val_Acc  \\\n",
      "1554    -2412.270508        1.0    -1571.451416  0.00025    0.5573   0.5638   \n",
      "\n",
      "       val_bpd  \n",
      "1554  5.065278  \n",
      "      Minibatch_Loss  Train_Acc  Unlab_loss(mb)      lr0  test_Acc  val_Acc  \\\n",
      "1574    -2419.010986        1.0    -1573.634155  0.00025    0.5574   0.5594   \n",
      "\n",
      "       val_bpd  \n",
      "1574  5.060993  \n",
      "      Minibatch_Loss  Train_Acc  Unlab_loss(mb)      lr0  test_Acc  val_Acc  \\\n",
      "1593    -2425.772461        1.0    -1576.247314  0.00025    0.5521   0.5568   \n",
      "\n",
      "       val_bpd  \n",
      "1593  5.058734  \n",
      "      Minibatch_Loss  Train_Acc  Unlab_loss(mb)      lr0  test_Acc  val_Acc  \\\n",
      "1613    -2433.158691        1.0      -1577.8302  0.00025    0.5475   0.5472   \n",
      "\n",
      "       val_bpd  \n",
      "1613  5.055765  \n",
      "      Minibatch_Loss  Train_Acc  Unlab_loss(mb)      lr0  test_Acc  val_Acc  \\\n",
      "1632    -2438.960693        1.0    -1590.115967  0.00025    0.5477   0.5508   \n",
      "\n",
